"MW_C_Sb" "MW_G_Sb" "MW_S_Sb" "L_Sb"
"1" 52.0967023517379 1.18422536863144 1.91203228890834 0.16
"2" 39.6020534208384 1.16207491149325 1.26639413215404 0.16
"3" 60.8402680645446 1.09425675970221 1.21688208140661 0.16
"4" 30.479171345767 1.06340707265495 1.092873444747 0.16
"5" 43.3492813616902 1.25330033203408 1.47301849134094 0.16
"6" 48.3793487533347 1.21960588364209 1.3511891219598 0.16
"7" 73.5470226379869 1.07390060386026 1.52415894781736 0.16
"8" 34.299380435023 1.01583781496079 1.02683343266853 0.16
"9" 32.7323371874649 1.06821567408954 1.05241787981834 0.16
"10" 59.8500525210226 1.03664531473583 1.07072114595261 0.16
"11" 44.6426109666633 1.12358762286391 1.16340397139639 0.16
"12" 50.2308256566593 1.03177469065802 1.00640809097473 0.16
"13" 34.2780127441194 1.00738158039726 1.0464568464744 0.16
"14" 39.2257397236052 1.08359729710957 1.43605481077194 0.16
"15" 51.6186232234733 1.00812992968038 1.12909052515042 0.16
"16" 29.5954153787273 1.19149982511635 1.90232348602213 0.16
"17" 54.7405073592254 1.03783323626547 1.1539626755366 0.16
"18" 37.5379554693687 1.06493435184068 1.2365615173528 0.16
"19" 40.147179555429 1.24529645838851 1.49714786256723 0.16
"20" 59.8322131011563 1.06060264358616 1.19124538129836 0.16
"21" 46.5207387935966 1.05848518414348 1.11764571347928 0.16
"22" 40.3377622282557 1.11122962661387 1.26268122649438 0.16
"23" 38.2285948931715 1.01711969595171 1.09946729850135 0.16
"24" 39.9621051397944 1.09063281990908 1.01807206684736 0.16
"25" 57.6260503287831 1.24126158759114 1.12491345509842 0.16
"26" 27.2730518984295 1.04987281704183 1.25385745073993 0.16
"27" 40.4079576909213 1.034305366546 1.00152746295626 0.16
"28" 64.4926500471939 1.18645167955014 1.41951876476115 0.16
"29" 49.7496206716614 1.20915415849505 1.17781131272573 0.16
"30" 57.4974514932955 1.06055317494568 1.06038591420474 0.16
"31" 37.6061288380733 1.04244056233821 2.72636099650498 0.16
"32" 55.8203287592 1.1128751207511 4.74897400386159 0.16
"33" 55.5342769172466 1.20403458050756 1.54846663722264 0.16
"34" 37.9329470265734 1.08367568748111 1.07821120360735 0.16
"35" 39.1878906013408 1.06158499020718 1.36203386062318 0.16
"36" 43.0110352797274 1.19086649872131 1.01350126657271 0.16
"37" 47.7297328342076 1.02842991435483 2.02600282080558 0.16
"38" 37.9319948386813 1.56247427905829 1.84201930390243 0.16
"39" 53.9618891348207 1.00051607375804 1.045852924952 0.16
"40" 51.1417280336705 2.28563894493946 1.36288955110533 0.16
"41" 57.1216207815148 1.30807286557515 1.03468094911671 0.16
"42" 44.9488347946106 1.28391174891066 1.05361865472191 0.16
"43" 34.1149221618115 1.21112257312633 1.12535866264913 0.16
"44" 47.6510942708145 1.37104605799066 1.12232581610102 0.16
"45" 50.9744479360722 1.24443793652407 1.10220290538578 0.16
"46" 38.104372849178 1.05865904710135 1.72638934957793 0.16
"47" 33.5324452855503 1.18856454035134 1.09304316359327 0.16
"48" 39.7008532059027 1.00632772728503 1.01295247213099 0.16
"49" 52.1430707715776 1.28208737904299 1.06652188820301 0.16
"50" 49.1317693138162 1.14256829155311 1.04535700560058 0.16
"51" 46.1613171993474 1.18464854774149 1.63057926110719 0.16
"52" 73.1501750731826 1.08823435746004 1.09790138247017 0.16
"53" 46.1684482862392 1.08589058152768 1.0686059901918 0.16
"54" 64.5949945673791 1.14351930282231 1.0414706247812 0.16
"55" 69.2651728788473 1.01686658147505 1.06648330037881 0.16
"56" 33.224259682939 1.10816810876785 1.09250965527218 0.16
"57" 48.5981212716375 1.4250989003235 1.20987924494481 0.16
"58" 50.3612176808569 1.01880664028013 1.23288446506962 0.16
"59" 53.2217935843136 1.0076993643596 1.49034436564176 0.16
"60" 72.337296087696 1.05232499654438 1.37355886510945 0.16
"61" 49.013401267589 1.24256448944846 1.47024413215093 0.16
"62" 57.6923604530116 1.62040835310457 1.57630860135917 0.16
"63" 39.8607200929274 1.07157853223001 1.10509853029107 0.16
"64" 34.2532877472698 1.41443320991848 1.0395689541213 0.16
"65" 39.5348413946196 1.13373093266173 1.34075184696873 0.16
"66" 58.4146445394241 1.03927526689842 1.08469230250903 0.16
"67" 51.6132090967325 1.06473413025575 1.18531107377976 0.16
"68" 60.0878048468357 1.53987808291278 1.16164000397431 0.16
"69" 57.5058045600386 1.04532950653112 1.09103770135002 0.16
"70" 83.3337535226701 1.24418200758065 1.02345829548188 0.16
"71" 39.9173074607706 1.02779264744251 1.04251349431099 0.16
"72" 38.899482680042 1.20458927371969 1.23029483557196 0.16
"73" 35.9403632768596 1.06248791988934 1.39441102407481 0.16
"74" 57.7258417565922 1.06380503603549 1.06378171408834 0.16
"75" 47.1308812842562 1.24557574068792 1.2540630708802 0.16
"76" 59.0225196220368 1.20325067590245 1.10518961798589 0.16
"77" 33.4646071394537 1.06712553176234 1.41238216442689 0.16
"78" 39.3943571384186 1.0193771918695 1.13069865810473 0.16
"79" 63.7980636959283 1.04797090417444 1.46447359246282 0.16
"80" 43.6581115451158 1.2445493309292 1.63388346825578 0.16
"81" 42.05226408827 1.1079843392527 1.77028361193622 0.16
"82" 47.8572889080345 1.15612565365033 1.37574995782528 0.16
"83" 53.7308711140132 1.12983777835712 1.09690075265751 0.16
"84" 57.8258805117877 1.01382670794437 1.93849684936022 0.16
"85" 63.1514995883971 1.02007576654701 1.10378144714133 0.16
"86" 33.7776103483514 1.4274264422101 1.10920804628587 0.16
"87" 41.6537790415809 1.03288595029767 1.52910561118874 0.16
"88" 36.3190749286604 1.18246551992194 1.55802133875764 0.16
"89" 39.8223156360239 1.12806415667003 1.12432634011845 0.16
"90" 58.8856871267303 1.10445796605934 1.78464745933924 0.16
"91" 55.4873629987638 1.10982161640354 1.03721157292397 0.16
"92" 45.8880192126346 1.01538588784916 1.09731328152433 0.16
"93" 54.1087296217817 2.36696895159698 1.04887727938834 0.16
"94" 36.9923344821418 1.07697951449247 1.12978998420334 0.16
"95" 44.4418521279116 1.14733404635346 1.14349702567959 0.16
"96" 44.2849234050791 1.03163765143346 1.30983914030489 0.16
"97" 39.5670053414053 1.02852596151153 1.14970795008212 0.16
"98" 44.1051346919054 1.03419936669692 1.00711347192911 0.16
"99" 52.4614859110715 1.02189499445623 1.17716406529518 0.16
"100" 43.360156941261 1.02920423921467 1.07224072734818 0.16
"101" 57.791739043274 1.11002774716963 1.08466995599802 0.16
"102" 41.7150036993931 1.24890285327796 1.01619462037395 0.16
"103" 30.6035700113153 1.2274651017713 1.0149991741096 0.16
"104" 47.4487155812689 1.00443852521471 1.15049419424494 0.16
"105" 47.7518400203085 1.01731476030752 1.20816186230366 0.16
"106" 32.5535674212994 2.06405449464357 1.0259817550656 0.16
"107" 50.5127203671167 1.06047269557399 1.49532554778358 0.16
"108" 30.5003571407687 1.16854460531356 1.90915699994239 0.16
"109" 52.0217322420633 1.11018647689111 1.0053988652568 0.16
"110" 56.9712319170831 1.25109907631832 1.18664001044263 0.16
"111" 46.9534050524759 1.01136090285109 1.03885635485868 0.16
"112" 47.1268364899414 1.15318801895313 1.07977896553948 0.16
"113" 51.1384290198207 1.01367985857308 1.13298086813709 0.16
"114" 52.7802152901988 1.03343410538538 2.04610780768038 0.16
"115" 55.2887147198989 1.2796272850606 1.19284913577287 0.16
"116" 49.9452774956635 1.48941837999481 1.0517610218361 0.16
"117" 53.7601933748914 1.04308424396585 1.0563610758952 0.16
"118" 38.1225232268048 1.08921155553188 1.4084713493179 0.16
"119" 42.3456376171148 1.01344359947749 1.41706580651732 0.16
"120" 53.773968993564 1.02908584002665 1.13378472033021 0.16
"121" 44.1815591844687 1.36837948257319 1.21402558391406 0.16
"122" 53.1357503459657 1.21711864457888 1.15740026780176 0.16
"123" 44.7898470768031 1.50064684628276 1.14069191217089 0.16
"124" 38.9655108908554 1.77882140687507 1.04817359013167 0.16
"125" 39.0298616829166 1.0783694056032 1.18414346909018 0.16
"126" 28.1069508237075 1.0517205243626 1.02770287802814 0.16
"127" 36.1593764009318 1.23839657019706 1.00262560687544 0.16
"128" 45.1670252798659 1.30800986058106 1.41902212700956 0.16
"129" 36.6637537571721 1.04721522982674 1.23326700578651 0.16
"130" 50.7660554870193 1.02990421298661 1.15132393441096 0.16
"131" 47.9724971626578 1.04299878580753 1.05654801925895 0.16
"132" 49.4684005628127 1.18074808751642 1.07331599655939 0.16
"133" 42.2392392239423 1.02359723391303 1.18062704506108 0.16
"134" 66.4137174441176 1.04246482124106 1.94199562808413 0.16
"135" 43.5184568099042 1.31509738385798 1.48397696730344 0.16
"136" 55.0742088961639 1.11666980502452 1.0131448445426 0.16
"137" 43.6662480462326 1.1697304010599 1.46694839180354 0.16
"138" 38.8554543272227 1.03124044273817 1.06603479670778 0.16
"139" 48.2186555897371 1.18661391966977 1.02203187677876 0.16
"140" 43.0087669149428 1.02865983395285 1.39175492136115 0.16
"141" 43.9827663058938 1.07973300092314 1.00149174831722 0.16
"142" 54.3150433234933 1.00758750384432 1.21410800869691 0.16
"143" 46.1585568377257 1.0752627592025 1.10649685453533 0.16
"144" 59.7753069768019 1.13621812092903 1.03234991881165 0.16
"145" 48.440482341516 1.05403791554406 1.29520390970029 0.16
"146" 39.9769767686072 1.0587950211083 2.83752899322116 0.16
"147" 52.2983222435302 1.06925525345444 1.02162051906613 0.16
"148" 43.2163513160343 1.37892191707427 1.68326975035004 0.16
"149" 44.0025320603148 1.35736542587321 1.42615938021932 0.16
"150" 47.8950282586201 1.2802321758283 1.51049572004829 0.16
"151" 52.4079026997863 1.21936111351641 1.43509468940069 0.16
"152" 45.0479345221208 1.09854295681019 1.04169871092191 0.16
"153" 48.5454811976963 1.09360307557278 1.13316117187902 0.16
"154" 47.937913865599 1.05613265589346 1.17774833727295 0.16
"155" 75.31432516477 1.04279739452797 1.00174089721961 0.16
"156" 42.4119618769135 1.01440538340326 1.21301606728846 0.16
"157" 51.8922123766819 1.01259667210336 1.13198460917568 0.16
"158" 62.86039761101 1.26189357254775 1.12268342591276 0.16
"159" 55.4884764554112 1.0955240591671 1.03660092013261 0.16
"160" 55.2854980719503 1.03374982253026 1.30411122664649 0.16
"161" 35.9206070623669 1.02167598722257 1.14179807439506 0.16
"162" 53.1300666605183 1.0061475634104 1.12372973067918 0.16
"163" 47.196100561225 1.04373401336491 1.01981932817795 0.16
"164" 64.051639905918 1.10646803230467 1.1591286405644 0.16
"165" 46.6058195776399 1.10508482805298 1.95977043323189 0.16
"166" 31.856131545013 1.7394153704223 1.03497288534477 0.16
"167" 62.7347649769538 1.71955801476324 1.0155772759885 0.16
"168" 39.7587335100217 1.13729565595784 1.09172558133888 0.16
"169" 58.1411465525253 1.02675040492762 1.18698063167025 0.16
"170" 46.8266500100537 1.06535665768645 1.01236091461525 0.16
"171" 44.4816692901768 1.00193124411309 1.09658615945199 0.16
"172" 55.4067413484998 1.04205088420951 2.46243020249043 0.16
"173" 38.7828984263905 1.07952436064075 1.5272549583749 0.16
"174" 37.1492583598454 1.04506749006175 1.68060781136037 0.16
"175" 50.4089834050566 1.11251481772179 1.22413823461431 0.16
"176" 51.9297329090998 1.3004406651687 3.43053674176773 0.16
"177" 37.6145621985033 1.02207716370731 1.56620715043019 0.16
"178" 65.7622334341015 1.19927325201821 1.20538064983514 0.16
"179" 41.1419370931924 1.04898161137214 1.02336967116963 0.16
"180" 43.6371656536172 1.09351208630875 1.19761362595037 0.16
"181" 56.2508863329253 1.24870163499549 1.18731835534642 0.16
"182" 81.6349568178568 1.04049763679289 1.24836825080846 0.16
"183" 49.8161300967946 1.24744057909886 1.39598068663062 0.16
"184" 47.048454417284 1.18914706936071 1.05559865498768 0.16
"185" 41.7200830663848 1.10112113923769 1.40095833082792 0.16
"186" 35.0922846246559 1.02669033931304 1.12089061271574 0.16
"187" 38.9534784598659 1.18493638314121 1.06368032696895 0.16
"188" 56.8163860941837 1.07424744514093 1.45044579932973 0.16
"189" 41.8508462661255 1.27756162257584 1.03721988470209 0.16
"190" 48.2125730470424 1.00976168964825 1.13611785311536 0.16
"191" 48.3623039120792 1.12450339688456 1.07638907233857 0.16
"192" 66.8702322004204 1.1003964310739 1.17396018842667 0.16
"193" 59.4085368988539 2.10272926178222 1.10918757558738 0.16
"194" 79.0664670739898 1.00810584836186 1.07418751635298 0.16
"195" 42.6274464793731 1.17573596567322 1.28556108890981 0.16
"196" 48.3677227593705 1.04281511283398 1.33362613288698 0.16
"197" 37.4115688523676 1.06616622999829 1.0386940489038 0.16
"198" 46.7584646987912 1.32291626713641 1.00735347397768 0.16
"199" 41.7240646260635 1.00206093094189 1.05155174321968 0.16
"200" 42.4773738947082 1.06854337743503 1.1118680893123 0.16
"201" 46.1710496724546 1.18218893517799 1.13053593953296 0.16
"202" 42.0587844505066 2.64323498807124 1.03815840163059 0.16
"203" 42.8985007145123 1.42022231236132 1.00606382216876 0.16
"204" 41.3592352593934 1.22022622070145 1.29378685920229 0.16
"205" 30.7255366057282 1.04641377309925 1.00285301680689 0.16
"206" 41.851577307404 1.10242918281878 1.4563990100553 0.16
"207" 39.5124020904367 1.05210719849218 1.03803516853625 0.16
"208" 56.2242433921687 1.09006938973529 1.25449754847711 0.16
"209" 38.0499973345198 1.11782071769033 1.08501845603845 0.16
"210" 38.9578330840523 1.06864548892721 1.14321810737584 0.16
"211" 50.4997409006152 1.05523790588045 1.12389722037361 0.16
"212" 44.830177076362 1.15644847840602 1.29573864108387 0.16
"213" 41.7914639182809 1.11111516583407 1.07940609690406 0.16
"214" 41.715996196456 1.30341358710412 1.72388789731838 0.16
"215" 35.3757760269216 1.09785895845786 1.23491587616514 0.16
"216" 42.777636693158 1.37860018423955 3.35085042025232 0.16
"217" 77.819700194359 1.09962473138365 1.33102697567163 0.16
"218" 50.1870903802897 1.10252836252146 1.11355713562875 0.16
"219" 43.7183408587147 1.02980806118705 1.02853988999677 0.16
"220" 33.2602654857902 1.08547260946792 1.47193387632176 0.16
"221" 49.3803604227453 1.18644683394471 1.50641642632762 0.16
"222" 48.9616832199498 1.01997537550528 1.04382964962027 0.16
"223" 53.0387886097535 1.21694856233685 1.15063534050916 0.16
"224" 44.631062704661 1.48559085435703 1.01837518293455 0.16
"225" 48.6299196692212 1.29001683372013 1.13017889873318 0.16
"226" 66.7936632069552 1.14880613476538 1.3787571914947 0.16
"227" 50.1409812627201 1.03711249047675 1.08627922137011 0.16
"228" 45.787349049273 1.0357078383539 1.32943871863311 0.16
"229" 52.11476387841 1.10606558531192 1.03355822523551 0.16
"230" 40.6470177294267 1.1633607095982 1.0468549969554 0.16
"231" 38.4241103688433 1.16360295329187 1.00726413362863 0.16
"232" 31.2505090037644 1.03552586061508 2.40069171991685 0.16
"233" 39.2755989328536 1.01398541163287 1.48020810716823 0.16
"234" 59.8264885134835 1.00220959694787 1.36427581862171 0.16
"235" 51.3836043171023 1.09198184122077 1.24746512517631 0.16
"236" 44.0267602816508 1.21728385701145 1.39903286549028 0.16
"237" 52.4599400921429 1.04441223935132 1.22730602047221 0.16
"238" 47.0158401536664 1.07525130640767 1.0112369138048 0.16
"239" 50.1145502560479 1.24105520190442 1.2694813798058 0.16
"240" 44.3435249818099 1.15872347209687 1.17380926666946 0.16
"241" 60.1172283906393 1.13932531599203 1.07611814151324 0.16
"242" 45.8888049466362 1.26146291917216 1.01038685808807 0.16
"243" 36.643947174649 1.12178364347717 1.26550502986198 0.16
"244" 48.4269222883842 1.08246169150056 1.05366784235051 0.16
"245" 57.6834970644111 2.03980066675667 1.03151870656616 0.16
"246" 38.3807281016306 1.00926119540401 1.10064144950463 0.16
"247" 36.4266033632643 1.01459576297772 1.34270756974436 0.16
"248" 40.4282509769303 1.19693858075401 1.09400695328037 0.16
"249" 33.6043176956411 1.47804744947469 1.0962814060193 0.16
"250" 37.1493081268088 1.07397631101208 1.28220541396559 0.16
"251" 36.1482358946974 1.04152246837438 1.02473714304905 0.16
"252" 61.8155300176627 1.78073915145952 1.02406978220542 0.16
"253" 36.4698243292952 1.01895017981048 1.25572078970995 0.16
"254" 33.8029411139532 1.1215480525941 1.32770325182749 0.16
"255" 58.6503189232539 1.0195610118706 2.87450057164643 0.16
"256" 47.0477291607427 1.07271733473632 1.00220430489835 0.16
"257" 54.829161428494 1.14476870778759 1.18905218350124 0.16
"258" 50.6208587878084 1.04396115460731 1.02685692446234 0.16
"259" 41.8576972147049 1.1276330268479 1.2487446119192 0.16
"260" 44.4362603806213 1.08931119218905 1.28566652722655 0.16
"261" 54.3846518540212 1.03904296249533 1.13132197087242 0.16
"262" 44.8843090507461 1.10937126602206 1.3419460843355 0.16
"263" 34.9746746180598 1.0901672162485 1.12722670984411 0.16
"264" 49.6842345945671 1.00363205263856 1.69032093109466 0.16
"265" 59.3158840037007 1.09762970082694 1.42343949191471 0.16
"266" 40.233585205575 1.15368494399071 1.19567466382215 0.16
"267" 43.4998826188525 1.23130634751738 1.05203418348424 0.16
"268" 47.9397811194217 1.2515716062548 1.08777393014195 0.16
"269" 46.1348111874329 2.32365607591899 1.08708905457177 0.16
"270" 37.6350702869623 1.25932525130569 1.4473196066692 0.16
"271" 38.4089849913566 1.05974350234139 1.00471233852681 0.16
"272" 43.0130984658905 1.22063659414039 1.14405967144539 0.16
"273" 49.6792841188877 1.21618439858322 1.55094138442107 0.16
"274" 43.2712573936276 1.20376576131229 1.5144180361922 0.16
"275" 45.1973084031024 1.24857270232675 1.09835580823926 0.16
"276" 45.4584635952781 1.12536466200073 1.52333888416931 0.16
"277" 39.7312707774656 1.11219524189262 1.20974001126675 0.16
"278" 52.7820081412 1.01055080205349 3.28600173400471 0.16
"279" 51.7998954474548 1.14537662163485 1.03763588553193 0.16
"280" 43.8819537031907 1.0203309070736 1.01526729387492 0.16
"281" 53.4280498152274 1.04738628899405 1.88219031125532 0.16
"282" 52.3925835492313 1.02160791117626 1.02912869843961 0.16
"283" 41.910242732942 1.00311312151033 1.07301001539699 0.16
"284" 46.108663382917 1.07883628264272 1.01065371111675 0.16
"285" 68.9370506272774 1.56504448064159 1.05207312717686 0.16
"286" 46.1013961052528 1.10996800939047 1.02341706242715 0.16
"287" 46.9212108089073 1.07877174788876 1.07344985838684 0.16
"288" 34.9787715394399 1.10987468542724 1.4372234984043 0.16
"289" 50.8719389247499 1.10364428711723 2.32628242706329 0.16
"290" 45.839256738609 1.53426217164517 1.03920386372965 0.16
"291" 34.5335734470899 1.26614357997755 1.433747567322 0.16
"292" 35.2996812754316 1.02692123095553 1.00987773073163 0.16
"293" 43.0285436495146 1.05859915798 1.1604087481942 0.16
"294" 41.7224210466042 1.21554043199302 1.03251099591878 0.16
"295" 48.936102126188 1.16550240379137 1.06714007255984 0.16
"296" 52.177846592253 1.06203155372136 1.04660737967149 0.16
"297" 50.0574016382075 1.48736255171068 1.41962131303793 0.16
"298" 49.228011784697 1.30657026941574 1.51915494078396 0.16
"299" 38.6311427802048 1.08847658403152 1.21217827009347 0.16
"300" 26.9619423165794 1.4890430288948 1.05345968920638 0.16
"301" 37.0908763223231 1.02446882028787 1.00984239651158 0.16
"302" 41.5122734971458 1.30177103086616 1.49861559393266 0.16
"303" 55.1266703104922 1.00731593120793 1.06391784912441 0.16
"304" 46.3710368638726 1.02364183406057 1.28063472229055 0.16
"305" 57.1271020956289 1.1636812059274 1.25733560391777 0.16
"306" 41.1055313769412 1.05885402983485 1.05106014519758 0.16
"307" 45.5693528707873 1.17670654453321 1.16701268919579 0.16
"308" 39.8691631079836 1.07323116224535 1.71994940756828 0.16
"309" 30.1737656605998 1.19509454283699 1.27263994663727 0.16
"310" 89.5483556504123 1.0846108466175 2.21495109575022 0.16
"311" 43.9942248306377 1.19870746774178 1.47529057103582 0.16
"312" 43.5024621315374 1.13269490399472 1.04348745764876 0.16
"313" 40.5169988210178 1.18458646249807 1.87817073371486 0.16
"314" 45.5258865886561 1.10570847713626 1.93320191715707 0.16
"315" 36.3882098106165 1.09982593172455 1.54220423001251 0.16
"316" 41.6603277876082 1.15985373575236 1.33589480739675 0.16
"317" 43.2847510680268 1.01879994213556 1.26420458987409 0.16
"318" 45.2136131027991 1.02734772353716 1.78788944334096 0.16
"319" 50.3359218471259 1.07043931857668 1.04987083696666 0.16
"320" 74.0891611767329 1.03994051971798 2.10079292394574 0.16
"321" 49.5910419194415 1.0232552486117 1.10222986978785 0.16
"322" 54.1300396493045 1.22559630394827 1.04799609744584 0.16
"323" 44.6157290034025 1.13856322737591 1.95667974238209 0.16
"324" 38.3480092928119 1.18296099407696 1.12771024753673 0.16
"325" 51.2747881986297 1.08618112511319 1.33374925454089 0.16
"326" 40.0886558478962 1.03130036630753 1.04319734789761 0.16
"327" 53.1442952747304 1.05271721450933 1.15546702509954 0.16
"328" 54.8037663085307 1.13477173850433 1.02997908887536 0.16
"329" 53.2872479646845 1.20274630821048 1.25783807688006 0.16
"330" 35.8960272464637 1.03866899576789 1.23822478234868 0.16
"331" 38.2969217310877 1.00615579995274 1.20120587987373 0.16
"332" 57.2550530767475 1.20597786208605 1.12342154399293 0.16
"333" 53.3903990349188 1.37956038752704 1.20096677987265 0.16
"334" 52.1258910765708 1.4369526626111 1.27325188705189 0.16
"335" 53.7731538262831 1.02934607525975 1.07085295857409 0.16
"336" 43.6361577318177 1.01039990434284 1.54172354999338 0.16
"337" 45.5779141869398 1.12634596659072 3.09264492763435 0.16
"338" 37.8752722692155 1.02843748106105 1.37843501808263 0.16
"339" 50.2187604406229 1.06765882629754 1.21171440618828 0.16
"340" 81.7068980149415 1.08302696838797 1.32465668578341 0.16
"341" 39.6594707209797 1.01434474694872 1.0905886607715 0.16
"342" 43.7592982143981 1.60172531090113 1.01392349506536 0.16
"343" 51.6837834880882 1.00574607561946 1.03445349921389 0.16
"344" 41.9872750434021 1.08104701222524 2.08237719629693 0.16
"345" 50.5510519903826 1.02253578995122 1.03532339529512 0.16
"346" 41.6958579460107 1.24303808250734 1.37366412165867 0.16
"347" 50.9484856734339 1.14083754338885 4.64541740599947 0.16
"348" 47.8552243218935 1.23767334010492 1.00551827400173 0.16
"349" 45.6100649709587 1.10694158488048 1.14666676890624 0.16
"350" 52.6505873984609 1.346140951183 1.38320808423467 0.16
"351" 37.5890762315331 1.20689117153093 1.49562024418095 0.16
"352" 70.9076147128348 1.27239922325634 1.04813249510071 0.16
"353" 40.9588945299427 1.0476278164963 1.11509522113682 0.16
"354" 40.9595755136003 1.02499489236591 1.01055005040366 0.16
"355" 66.6626679479595 1.14090554584902 1.33487347123683 0.16
"356" 40.4854418416062 1.04214515163697 1.07344971886003 0.16
"357" 44.6181248428797 1.06836317336397 1.03028472717039 0.16
"358" 40.2827038593496 1.11868376694548 1.0825677423719 0.16
"359" 46.0103541256045 1.14454998053018 1.1537700959829 0.16
"360" 43.43780082803 1.31627093053529 2.18515921338996 0.16
"361" 39.6602927673111 1.02279752118657 1.6388591090996 0.16
"362" 45.76809799003 1.04092968601674 1.26708867311396 0.16
"363" 53.5243139725972 1.09611637280497 1.25529680859903 0.16
"364" 35.941045226383 2.4073117219551 1.08025842122426 0.16
"365" 50.0037064819196 1.12550703990543 1.04046919804866 0.16
"366" 79.0831491388282 1.03697843015173 1.25014390900127 0.16
"367" 37.8872457316892 1.01453904051553 1.55606785337067 0.16
"368" 45.3789590919218 1.03435806275253 1.031120444739 0.16
"369" 58.8538107873994 1.03428359480092 1.20972548872395 0.16
"370" 54.1133974675219 1.06291177382783 1.10282703374886 0.16
"371" 44.9148005943881 1.2069642542682 1.35041360950341 0.16
"372" 60.3430580767143 1.03745263616607 1.07973297504817 0.16
"373" 39.4586535490927 1.0699185011857 1.12639960562139 0.16
"374" 52.8611375900669 1.03362990983862 1.06614790312915 0.16
"375" 88.4413018890567 1.14650995346882 1.15751142239507 0.16
"376" 49.074254336851 1.19262186596032 1.32033505625816 0.16
"377" 50.5862474377797 1.15436434460553 1.06366879266022 0.16
"378" 51.2495509911356 1.05227948499771 1.0216731020392 0.16
"379" 74.4780479187893 1.13899496977181 1.65465894642656 0.16
"380" 72.8210037370718 1.04028766965853 1.05321610279558 0.16
"381" 41.6657834731213 1.10877685976942 1.19086138528258 0.16
"382" 58.3213269959854 1.01339718367205 1.2646304959451 0.16
"383" 40.2747107710605 1.28048854776409 1.45546413797801 0.16
"384" 55.7758004821269 1.22700828050261 1.02677105217163 0.16
"385" 53.7442350957614 1.35027897838421 1.5034987011746 0.16
"386" 54.5365150588196 1.2335921190336 1.02884339651747 0.16
"387" 42.7605673700559 1.18393143784326 1.04653614998974 0.16
"388" 36.9749311142295 1.02928118048268 1.00578600348535 0.16
"389" 41.5766983870469 1.113835738935 1.0694166803189 0.16
"390" 41.4065109368627 1.07760304772372 1.07945666627513 0.16
"391" 40.0886187350152 1.36081495544557 1.20214322963279 0.16
"392" 74.8858808143012 1.17453211035252 1.01909044125822 0.16
"393" 54.0218598433861 1.27407430457369 1.0703508803173 0.16
"394" 38.6599593426726 1.01674800060626 1.82979238761388 0.16
"395" 51.8017823091411 1.37403655067323 1.60265428309638 0.16
"396" 52.0517319406699 1.11957999896465 1.15436465220822 0.16
"397" 52.3986883714793 1.71929411108725 1.05039759290724 0.16
"398" 41.6551485872825 1.00248842788491 2.45095011887143 0.16
"399" 46.476274358972 1.03818253583717 1.66903788197818 0.16
"400" 35.4628478528794 1.00954201610143 1.01663206464782 0.16
"401" 42.4835225240208 1.01616958585009 1.35280260944561 0.16
"402" 83.5628749246258 1.09516229166785 2.46961802628821 0.16
"403" 30.5261976386484 1.09053057558317 1.07422843107818 0.16
"404" 45.0670480907278 1.0101649004188 1.560331476708 0.16
"405" 34.1958417465978 1.17647458797643 1.09209752059606 0.16
"406" 48.9728591167638 1.04233968029723 1.06215702225171 0.16
"407" 47.4016388309207 1.0031917752145 1.12873499364528 0.16
"408" 47.148619997562 1.04558346641435 1.06860448890023 0.16
"409" 63.0895790129723 1.09055266206121 1.16621200951327 0.16
"410" 48.5857094693904 1.00390157975243 1.0875448072803 0.16
"411" 39.7760391444662 1.31404706918477 1.17762634712066 0.16
"412" 43.197625933018 1.13135881968364 1.90947677155772 0.16
"413" 59.9884004168132 1.16709992636442 3.17540984306263 0.16
"414" 74.5766970065206 1.02806256579002 1.25982725692193 0.16
"415" 39.7694019869052 1.15287175204309 1.15738021859575 0.16
"416" 44.6528415966022 1.37005195616305 1.00325009899504 0.16
"417" 49.6685486060348 1.21149171783457 1.94496936030945 0.16
"418" 67.9135765192378 1.44801264529244 3.19865078634524 0.16
"419" 42.9973694219341 1.13563355525356 1.17030609424848 0.16
"420" 31.5677542208606 1.00974006821413 1.86387831445957 0.16
"421" 36.8041931766296 1.0019964060128 1.23699190863282 0.16
"422" 40.1378117522282 1.13805296933472 1.31050326995327 0.16
"423" 54.7633269147021 1.02488041316796 1.07467547224116 0.16
"424" 40.0720906634843 1.05341302336558 1.19275125137078 0.16
"425" 41.1490869353083 1.24169166011735 1.13893509100841 0.16
"426" 44.6957632157403 2.45207637196769 1.11271326156798 0.16
"427" 43.2343593030991 1.32939331540885 1.07425060258167 0.16
"428" 46.9491272913835 1.15885395014533 1.1521837773541 0.16
"429" 42.8661799957236 1.21041692067643 1.31442881560268 0.16
"430" 64.7839390934316 1.11562304511763 1.0996020788112 0.16
"431" 44.7156315122613 1.20081779434993 1.19075370414484 0.16
"432" 64.3839490914131 1.07056985555776 1.16071021583114 0.16
"433" 53.4595800352983 1.33267897859854 2.14871987289646 0.16
"434" 41.5175827177976 1.00805141539277 1.01209324797498 0.16
"435" 38.3597950241016 1.04913816207708 1.04916623971725 0.16
"436" 46.22778210482 1.01244938637724 1.05041916532957 0.16
"437" 50.013086796534 1.05137894040825 1.07468552612315 0.16
"438" 49.6490246265493 1.03062728419911 1.27913238888528 0.16
"439" 61.3316401249183 1.13774755303334 1.04743331279351 0.16
"440" 54.9010138501188 1.12572349028751 1.2048561244476 0.16
"441" 43.6154441675682 2.03947382717332 1.01138425431341 0.16
"442" 37.8210892439534 1.37881572983654 1.14801319978064 0.16
"443" 53.4516321463084 1.33033151434388 1.08904969564195 0.16
"444" 43.5719096234196 1.11835925987584 1.74100965996766 0.16
"445" 48.2288035394162 1.12904243127724 1.82185811643073 0.16
"446" 62.0846309460259 1.05099955127642 1.03281782172267 0.16
"447" 41.5081751281853 1.41757805833692 1.07158405235757 0.16
"448" 43.9260266845449 1.15207442159305 1.13367194632212 0.16
"449" 52.4052678476974 1.25259445625512 2.09812196719875 0.16
"450" 38.0197550051458 1.00968701204874 1.01637540979558 0.16
"451" 65.3428388654693 1.80117172548474 1.21360735221887 0.16
"452" 72.0570148788148 1.11000989178901 1.0008193970662 0.16
"453" 42.7072831448098 1.21252438118592 1.05381722923237 0.16
"454" 43.100639802415 1.02119171571474 1.91815277787153 0.16
"455" 42.124392507508 1.10490856465176 1.30788392246482 0.16
"456" 58.4308857024762 1.04583468642018 1.0085696252027 0.16
"457" 52.9087721735604 1.01989326190921 1.13205911889079 0.16
"458" 50.2075230811516 1.0625110678728 1.01661649576064 0.16
"459" 56.3864901155329 1.2783442609961 1.12760315469095 0.16
"460" 56.0397968141427 1.57644523640664 1.03102801515593 0.16
"461" 50.2743234134187 1.38139235244008 1.15317245045693 0.16
"462" 34.4609276367715 1.10508112898839 1.19277877358089 0.16
"463" 34.981736902522 1.14019489047166 1.31383542206511 0.16
"464" 35.9253507698358 1.15742507390986 1.0970057314033 0.16
"465" 43.7861413163184 1.05874311055508 1.02979043501719 0.16
"466" 50.85476362302 1.0174908019402 1.22657213268311 0.16
"467" 48.6274805896999 1.5523811626114 1.02874357730515 0.16
"468" 50.3632839982071 1.01910732133804 1.09344332040869 0.16
"469" 69.7084307803424 1.18858453888058 1.04620620821046 0.16
"470" 65.4851142891299 1.19002797465081 1.0697829361122 0.16
"471" 50.039960731615 1.60102042058559 1.58936703828252 0.16
"472" 52.6436426486266 1.16908361439624 1.0071872085754 0.16
"473" 47.546771671609 1.32415258883662 1.11926173138899 0.16
"474" 52.2244527189519 1.07306101620535 1.09429170459823 0.16
"475" 50.8599547154359 1.13428540204124 1.98633839361827 0.16
"476" 51.4281634889354 1.00791173288488 1.14041452282627 0.16
"477" 79.236008613338 1.16231067512096 1.25408210134055 0.16
"478" 48.7307900606388 1.0588320889847 1.13706803326477 0.16
"479" 35.238986907527 1.46329496915263 1.05006214290087 0.16
"480" 50.5863779076871 1.14905078154909 1.23915347016602 0.16
"481" 61.3152154005985 1.11638469475174 1.62078951829834 0.16
"482" 53.3876146170653 1.14100908315584 1.28585824728319 0.16
"483" 32.4023160964393 1.011810914416 1.30369870642964 0.16
"484" 62.4506045001475 1.19448031411505 1.04446881195608 0.16
"485" 59.1948621037654 1.02535865845541 1.04827528059141 0.16
"486" 71.1437399907371 1.03383316008946 1.19745904143542 0.16
"487" 44.7624708991626 1.21907073768882 1.00156099505863 0.16
"488" 34.502349211911 1.18022640902484 1.06469370564756 0.16
"489" 43.979516333426 1.05755445918555 1.08078480828314 0.16
"490" 41.5566227238477 1.13055169536154 1.12831149121496 0.16
"491" 43.5682600260809 1.01651553002398 1.51680322021366 0.16
"492" 41.1371625179071 1.03589103523515 1.24056959570266 0.16
"493" 60.5613689486409 1.14882870132857 1.14987384651561 0.16
"494" 30.209502990347 1.10290839618923 1.28986608661599 0.16
"495" 40.992709253644 1.28468464437411 1.23322408202801 0.16
"496" 41.2189640001948 1.13819374456304 1.0374830956516 0.16
"497" 43.1390984983961 1.00838286253787 1.31704960356877 0.16
"498" 29.4532058681285 1.09518305477067 1.11688699103638 0.16
"499" 44.0352764922624 1.06948804177407 1.42677228432256 0.16
"500" 74.6670770804287 1.02709252261554 1.11718963782106 0.16
"501" 48.0199885636345 1.08042280002134 1.03302018369194 0.16
"502" 43.819448226262 1.17446389287819 1.83947366562792 0.16
"503" 51.6068366891198 1.42105985946526 1.20640532434976 0.16
"504" 44.4050037026582 1.18106263872954 1.41013450439721 0.16
"505" 45.6103362658913 1.01447536768558 1.20089757875018 0.16
"506" 35.5881349380572 1.02619289197057 1.71806394200234 0.16
"507" 54.8592625343906 1.06149941734606 1.05917657922329 0.16
"508" 40.7062171599566 1.20390409454521 1.22865428938891 0.16
"509" 66.5724885599354 1.06600170388269 1.06591036019041 0.16
"510" 42.6429180709018 1.03830084280276 1.1397768449278 0.16
"511" 57.1044325082606 1.06678645885059 1.0193354539068 0.16
"512" 54.3011174187316 1.13107345466575 1.15542110252619 0.16
"513" 55.6788203818845 1.06196889024268 1.12448626667383 0.16
"514" 49.9260400569506 1.05039959377457 1.2312917318331 0.16
"515" 37.6391226356562 1.60075341719657 1.05549047790726 0.16
"516" 50.6887770646299 1.25756636918507 1.52093533487088 0.16
"517" 52.0671297342051 1.03376544151636 1.01839869008714 0.16
"518" 89.1286399508232 1.29134837041831 1.0707435945366 0.16
"519" 44.8797550900728 1.4043173805239 1.15615260211135 0.16
"520" 46.4916806614709 1.08919226811167 1.00267151796964 0.16
"521" 37.4721718759482 1.0565768684845 1.13556302615249 0.16
"522" 40.7588859527961 1.00021048417428 1.27971565948304 0.16
"523" 53.4654027105522 1.08734162000871 1.12452367304182 0.16
"524" 34.1134975622325 1.0354228383583 1.27791990226521 0.16
"525" 45.7303042160827 1.37314753029317 1.07855087562195 0.16
"526" 41.8817603321779 1.29266353543854 2.06444149732306 0.16
"527" 35.5565384351914 1.01122201348166 1.11623163416113 0.16
"528" 48.8412583370825 1.20581950105018 1.18540282916405 0.16
"529" 48.0610913625883 1.00604224503659 1.1398951221682 0.16
"530" 46.2937226078953 1.51863765304944 1.35385047168475 0.16
"531" 84.0454632415648 1.11474547586792 1.10917682952195 0.16
"532" 52.0084418862201 1.08785424990769 1.10778030475041 0.16
"533" 46.4057676410551 1.04914625456389 1.24383189393924 0.16
"534" 53.9954287555545 1.05508359158139 1.07775315819971 0.16
"535" 37.5573459896891 1.09298186524263 1.06628095281257 0.16
"536" 39.1400207392571 1.02567813715358 1.43570297537357 0.16
"537" 43.3012274470836 1.04655614010921 1.13628141340967 0.16
"538" 44.0152116654502 1.04226447039279 1.00916492830339 0.16
"539" 44.894209612295 1.0086357467995 1.13956541633135 0.16
"540" 44.8591232083332 1.27025042665873 1.70774499619841 0.16
"541" 59.5939947573652 1.09238757382288 1.02305137794707 0.16
"542" 56.030606625847 1.02748855862431 1.59808579820233 0.16
"543" 61.2526562794281 1.12872573387338 1.00725654383672 0.16
"544" 53.5848503079736 1.0829816531031 1.00454742962568 0.16
"545" 38.6693299533421 1.16335148970387 1.00305295507261 0.16
"546" 75.6151481903924 1.15298273197924 1.51907418554894 0.16
"547" 53.918728287785 1.01411018880812 1.15983582788947 0.16
"548" 41.9118392827302 1.08991483456788 1.08401118185735 0.16
"549" 38.7256936172751 1.08459579929108 1.03157530138348 0.16
"550" 57.5210575768434 1.13401619037578 1.1323610567333 0.16
"551" 60.5995075397353 1.21482657113192 1.0158201909982 0.16
"552" 33.6839665313612 1.49090102133745 1.10716562751606 0.16
"553" 53.7259909593851 1.36186794077909 1.03114429388467 0.16
"554" 39.7995499648958 1.16877325993774 1.24539759987449 0.16
"555" 49.8685207974242 1.22639945759322 1.03602006523739 0.16
"556" 47.4373806725882 1.13483602869486 2.29300370410315 0.16
"557" 37.2033094236498 1.01044044031324 1.81158611172868 0.16
"558" 49.6920929387234 1.10100344859137 1.27709840839324 0.16
"559" 50.0995433128318 1.11248559177947 1.01699040478903 0.16
"560" 61.0306457171462 1.2029477392529 1.08223984418739 0.16
"561" 47.7615838817477 1.04111770062883 1.33631726390053 0.16
"562" 52.8470645913035 1.27350695245411 1.09716255234814 0.16
"563" 44.2679602708038 1.06101936890979 1.01371836612126 0.16
"564" 48.5681128638935 1.13463377789204 1.01374754392563 0.16
"565" 41.352528770237 1.15659397478166 1.08228264222888 0.16
"566" 54.4945399507751 1.82045759017694 1.16714636181074 0.16
"567" 40.3630872362346 1.02842321054308 1.30014253468487 0.16
"568" 53.9038732226561 1.03218670034871 1.37824844985379 0.16
"569" 35.9871932642693 3.29008842232039 1.0224289198114 0.16
"570" 55.4261572977492 1.06093860644749 2.05142948249022 0.16
"571" 45.3793483772719 1.15170153174018 1.18944316888977 0.16
"572" 39.3058158028365 1.33266437344101 3.8875515111126 0.16
"573" 43.5244068244226 1.35291849373502 1.01445843317004 0.16
"574" 40.61942623358 1.11682271273674 1.353824220165 0.16
"575" 37.5511725565217 1.10035384757071 1.15752746740552 0.16
"576" 61.0520392034086 1.04703354465974 1.05411442730231 0.16
"577" 36.8935410429189 1.00845478325545 1.1050477421395 0.16
"578" 50.821268979848 1.01024693976715 1.08476791183544 0.16
"579" 45.5059773083669 1.12277605369349 1.03728263585339 0.16
"580" 48.5634910582648 1.16385805506093 1.58330377325474 0.16
"581" 44.2504695647557 1.02619047696982 1.18376766532258 0.16
"582" 37.0434205551227 1.00587257065637 1.16577419813959 0.16
"583" 35.684946482988 1.1092307494536 1.05210047276403 0.16
"584" 28.8046210515461 1.08836713821419 1.14568777206091 0.16
"585" 57.816203564495 1.04857821836624 1.02693392558823 0.16
"586" 33.9516926911136 1.18157714246639 1.0299131087014 0.16
"587" 46.8278903047974 1.03102660418902 1.23958562324193 0.16
"588" 63.0177351545137 1.26281073819855 1.03086925798927 0.16
"589" 42.2898358045987 1.09713917248036 1.04388754151603 0.16
"590" 37.7171686125644 1.36136519066388 1.11744900930466 0.16
"591" 66.2884158451594 1.19811167457696 1.39803743246312 0.16
"592" 42.8764337803665 1.06378034193898 1.24424436261401 0.16
"593" 50.3646929894309 1.10451477677599 1.16515849363727 0.16
"594" 39.7041892236241 1.00217369005746 1.1097296851635 0.16
"595" 35.7862170497161 1.39070701313129 1.06019661955561 0.16
"596" 43.3190083347575 1.0945992931929 1.07518515047596 0.16
"597" 55.0692159455478 1.51069960793074 1.04309952595636 0.16
"598" 47.2104107732215 1.04131409688013 2.0894797612945 0.16
"599" 50.9655308746589 1.214335348605 1.21225551494769 0.16
"600" 47.6506565883454 1.05325749298868 1.04854937715554 0.16
"601" 47.363814883694 1.05262898991631 1.24543193284492 0.16
"602" 43.3934540513041 1.1853940001396 1.24604258598451 0.16
"603" 50.9651186221098 1.10696029344799 1.11148339699561 0.16
"604" 50.6571714230824 1.49797919731365 1.07803085070459 0.16
"605" 60.6490417678416 1.09659994128462 1.81617502365651 0.16
"606" 53.9140114558991 1.00122092937664 1.02922380145982 0.16
"607" 42.1767193511399 1.00062910145175 1.22568474169917 0.16
"608" 36.3512305231938 1.19049550481029 1.29255225341721 0.16
"609" 37.2757205912753 1.0236990062358 1.18020245914079 0.16
"610" 43.0774629799327 1.2969498022737 1.14543861370132 0.16
"611" 55.1205643840168 1.08274654289219 1.48105230529325 0.16
"612" 47.7487376898199 1.472951428071 1.07911680139948 0.16
"613" 31.745193172428 1.23219579335313 1.27129686385474 0.16
"614" 38.8074065641299 1.16971587108555 1.02662816535445 0.16
"615" 56.2884124857783 1.0738832435912 1.219387719202 0.16
"616" 47.3366538542418 1.21018419512007 1.25327934772897 0.16
"617" 32.1905614350105 1.01745975389243 1.12868599574406 0.16
"618" 45.7554854132313 1.05907023071531 1.02452249132549 0.16
"619" 59.6626497716203 1.02754248047483 1.19707711770774 0.16
"620" 48.9318396130824 1.09444200010371 1.01827715985484 0.16
"621" 37.932569469844 1.04815936206618 1.00149096037521 0.16
"622" 40.7959411580927 1.21651028925886 1.05147744660389 0.16
"623" 65.6990645529023 1.02875915444938 1.04443380921259 0.16
"624" 58.3912604951491 1.04548137795634 1.33236969562679 0.16
"625" 52.0831714675979 1.0574015170238 1.21861572681114 0.16
"626" 52.6818542180315 1.01325928418157 1.67695625848602 0.16
"627" 36.7375807802307 1.01192390260904 1.42970486329714 0.16
"628" 60.6848551171146 3.4002544913906 1.22899003396113 0.16
"629" 49.3131416176052 1.14248753418728 1.12651697458597 0.16
"630" 83.2428742209624 1.09917930909196 1.1343422202167 0.16
"631" 50.7269846943071 1.14330531221634 1.0370332118789 0.16
"632" 61.7053996733974 1.04893486239365 1.00870588207743 0.16
"633" 44.6335830915623 1.02394093200835 1.16430119241345 0.16
"634" 42.9416360465639 1.54391795407094 1.65388741223433 0.16
"635" 51.3730474080247 1.54362647283504 1.03944295152852 0.16
"636" 39.9126780545353 1.17434723092781 1.24968143262555 0.16
"637" 46.0124730943576 1.02258507288921 1.36592776634476 0.16
"638" 52.5828256878745 1.08238978400504 1.12372554740111 0.16
"639" 47.9592963066051 1.03471915315459 1.61625612779694 0.16
"640" 59.3815218221064 1.28768692176959 1.02125424027494 0.16
"641" 31.9108841052924 1.05888333192777 1.14583668306726 0.16
"642" 53.0925234655248 1.16032852172643 1.55518779227421 0.16
"643" 38.6696433987683 1.19730646233162 1.48432655276372 0.16
"644" 44.9396392629719 1.2765304924058 1.68953115046471 0.16
"645" 53.0339845284938 1.38245725618882 1.58216272802933 0.16
"646" 59.5596401893568 1.02846789408436 1.1416045147216 0.16
"647" 66.947285199777 1.19710488009328 1.03446171361033 0.16
"648" 48.2078877120813 1.06231478209277 4.56619934841256 0.16
"649" 40.3340752136807 1.09582574181419 1.07986728207663 0.16
"650" 43.7717768826439 1.22245783980459 1.11648862534625 0.16
"651" 69.3126056432814 1.17100719033629 1.2219345061761 0.16
"652" 91.7118185295603 1.19856114442721 1.27350608278631 0.16
"653" 43.2816235930119 1.0705255766912 1.17823036971627 0.16
"654" 46.7135091274169 1.18116928793011 1.07564389222955 0.16
"655" 34.4915880720135 1.01242222193623 1.10272870378827 0.16
"656" 35.3899607821863 1.02476917018812 1.3953610571158 0.16
"657" 43.8022439452529 1.21179211082417 1.02305022614627 0.16
"658" 56.5891201492529 1.11507321291748 1.00839788493541 0.16
"659" 54.274122522039 1.3399850989573 1.07195807435621 0.16
"660" 34.2411603633868 1.31659487194922 1.57158456032352 0.16
"661" 40.1257911835302 1.03541843140433 1.07148234423403 0.16
"662" 44.0321889745411 1.35855138846716 1.09334676107649 0.16
"663" 38.3722578290793 1.01414943404774 1.49724271257625 0.16
"664" 47.6529368458719 1.20659147458911 1.57875874447957 0.16
"665" 47.8423160434181 1.20237867137714 1.13634367362448 0.16
"666" 43.4591301572665 4.168671879387 1.05017125645768 0.16
"667" 53.6701872304821 1.06041464368763 1.13368855274691 0.16
"668" 43.6294065857759 1.00933044984733 1.09208852944846 0.16
"669" 34.0613049311255 1.07468198214958 1.16286311812984 0.16
"670" 35.888103844096 1.19604183229092 1.04776813162459 0.16
"671" 46.4196354194392 1.10924002974027 1.37155399781062 0.16
"672" 54.1739826783888 1.17185153817144 1.56911805194818 0.16
"673" 34.8088597458471 1.02092934019778 1.16235245788786 0.16
"674" 46.8020443853757 1.02004365095506 1.07539131382317 0.16
"675" 69.0899217652801 1.28460009601876 1.07907511063495 0.16
"676" 42.5158530907017 1.08426099459694 1.11240254117881 0.16
"677" 42.1758209221747 1.06513139037251 1.00996002425692 0.16
"678" 33.8971198915663 1.28305656868272 1.15218185673047 0.16
"679" 50.0078334510705 1.02054713318987 1.24137160622564 0.16
"680" 40.5241873118748 1.00045358217927 1.03630887720648 0.16
"681" 43.9088978984795 1.26261682620987 1.14553334163063 0.16
"682" 42.8907098333 1.11486429951915 1.02924064579674 0.16
"683" 52.7519853581997 1.60749597594476 1.04350781655852 0.16
"684" 36.5769373490787 1.27586529671564 1.09312225287515 0.16
"685" 54.0697891429692 1.18883949870954 1.01761557019254 0.16
"686" 57.4036254706295 1.0760588334746 1.04832510841174 0.16
"687" 58.5664346585215 1.39983376997609 1.00769770867941 0.16
"688" 50.846474376123 1.41993145608033 1.03493695684174 0.16
"689" 44.1052710810599 1.02016214013935 1.00505384358139 0.16
"690" 39.9266960545177 1.10732006543148 1.10462977953181 0.16
"691" 50.8914046789117 1.01377624294229 1.11479431471131 0.16
"692" 44.867343493182 1.05608288575207 1.14371471754011 0.16
"693" 52.9510976573994 1.19481637157943 1.08386235908931 0.16
"694" 46.2057612935756 1.0148417004579 1.02479425366882 0.16
"695" 38.8498596290932 1.19327003442415 2.92463264344747 0.16
"696" 64.0440411777572 1.05296489653981 1.27205751100637 0.16
"697" 57.4478507247913 1.08225978602699 1.04712249581221 0.16
"698" 46.2019594552125 1.16021572079093 1.16365623426241 0.16
"699" 38.4629630822638 1.37725945346089 1.69282778678614 0.16
"700" 51.9157735664252 1.22326702752446 1.18856524271034 0.16
"701" 64.9635388047483 1.25742699589073 1.55469568427442 0.16
"702" 43.8051401969968 1.00793168722255 1.63677410240249 0.16
"703" 45.2176710993737 1.22178907251209 1.26100530097046 0.16
"704" 54.5483963019653 1.19385147600188 1.26625967559383 0.16
"705" 38.5385622859214 1.4386110178587 1.11484206923979 0.16
"706" 48.6995555704791 1.04777906230023 1.31799886834794 0.16
"707" 57.4593409893002 1.01202526344368 1.11695269218123 0.16
"708" 41.9565317566837 1.08513850816278 1.10306467292381 0.16
"709" 50.5785818798168 1.08107503674838 1.00923726101418 0.16
"710" 50.5255163803733 1.13505173007239 1.02729867564724 0.16
"711" 58.537189601566 1.03825877998134 1.01166721179276 0.16
"712" 36.1800055985703 2.46224398548229 1.13682694917673 0.16
"713" 47.6355294202608 1.01963360855626 1.70376955387582 0.16
"714" 53.5060832625383 1.07861838980181 1.39810181466728 0.16
"715" 40.3905527894717 1.05138506434778 1.70658516073292 0.16
"716" 60.0159499864043 1.28593658777649 1.1862302676922 0.16
"717" 41.7131855382876 1.31627691046497 1.66759172687178 0.16
"718" 45.3768082421877 1.3316580539177 1.08036494251471 0.16
"719" 50.0597035072458 1.05364504226024 1.08398859333168 0.16
"720" 47.490221098383 1.05275179285147 1.23590478740271 0.16
"721" 60.2808906509031 1.19055241449525 1.15557635145631 0.16
"722" 44.4323710631257 1.16836174728542 1.423022380904 0.16
"723" 48.1203840604994 1.07395519845032 1.05668925416649 0.16
"724" 49.0805779835377 1.26491148991074 1.35297334778953 0.16
"725" 43.8790309092959 1.09469186018601 1.36265250870297 0.16
"726" 43.95902145387 1.02628535857378 1.00678287511968 0.16
"727" 65.6031550345096 1.36128852995172 1.03488368279825 0.16
"728" 36.6336423974362 1.3745286014013 1.02299509423816 0.16
"729" 57.5960193623892 1.38345674174956 1.12483297249781 0.16
"730" 40.7129788566 1.03074373897046 1.21541805068557 0.16
"731" 57.458208737021 1.04908109839167 1.03252711264141 0.16
"732" 63.1811887918444 1.0373002207521 1.02546122380604 0.16
"733" 40.4525214139945 1.02826222533455 1.03248958062426 0.16
"734" 43.4897672337269 1.06660752847923 1.17358189622124 0.16
"735" 42.0434898253321 1.00737616969552 1.00794194911886 0.16
"736" 31.1137010045206 1.03379343479293 2.63857117556617 0.16
"737" 57.6416797680167 1.92515780903907 1.08159025071283 0.16
"738" 37.2947108631244 1.09534320420661 1.11121213132277 0.16
"739" 28.1131560932427 1.08017100255608 1.00093764321004 0.16
"740" 38.9217073905037 1.25365272514001 1.09785446863051 0.16
"741" 43.1695346149751 1.4876610525691 1.06545866322762 0.16
"742" 43.5307749200145 1.14484334355576 1.03737650698782 0.16
"743" 62.4296544320221 1.26976696212972 1.00008556630244 0.16
"744" 50.1177480987611 1.00042475836724 1.01642698382308 0.16
"745" 45.8366614260456 1.29114403033197 1.03736793613263 0.16
"746" 52.3624272172262 1.13387778605297 2.26606991884367 0.16
"747" 54.3551130409697 1.10161654311541 1.20280666361098 0.16
"748" 49.0654864589454 1.06014381368879 1.00136552648975 0.16
"749" 92.553450967943 1.0281264810683 1.13791750229985 0.16
"750" 45.8597211334555 1.42144575235222 1.12679945087428 0.16
"751" 44.8888974615106 1.04995817764353 1.39999419556983 0.16
"752" 30.6756014117385 1.00837529049023 1.32316696772831 0.16
"753" 37.9585078543634 1.00983428891593 1.27939484327219 0.16
"754" 37.3936583192995 1.3904542575746 1.08889935580476 0.16
"755" 58.5124810667328 1.08516189375345 1.25749641311857 0.16
"756" 47.8575076290771 1.4736133624616 1.35756001996032 0.16
"757" 44.6257445108671 1.03755169714107 1.10539820797074 0.16
"758" 41.8086536909817 1.0672769046633 2.20324557246419 0.16
"759" 38.2609934353449 1.58556484668592 1.07869078655363 0.16
"760" 53.0778309276062 1.34625234007085 1.1565859291913 0.16
"761" 52.7016670015231 1.0012052374469 1.27343559366171 0.16
"762" 51.5710410947946 1.0861060329013 1.15086086965865 0.16
"763" 44.5857658234153 1.11950217769318 1.24274811586015 0.16
"764" 65.1826296955758 1.17604356145528 1.54955506669838 0.16
"765" 36.3106140715022 1.47269753537048 1.68555101108922 0.16
"766" 41.2805856110098 1.34672303160654 1.18957001577464 0.16
"767" 36.7683540651454 1.07775516542897 4.45412561159443 0.16
"768" 43.0298977899161 1.522446483344 1.98621901590561 0.16
"769" 57.1586331906951 1.00095195056469 1.0413548279286 0.16
"770" 51.5935617845251 1.20185715208808 1.19183439694056 0.16
"771" 84.9405304330463 1.06051539490779 1.10138111215188 0.16
"772" 47.6318379774238 1.1074119045884 2.27058887850967 0.16
"773" 43.2963021576085 1.06444439591379 1.19460700272759 0.16
"774" 50.3619100377951 1.07788769991826 1.03247512605719 0.16
"775" 65.8643981157414 1.2972119202185 1.10822471870843 0.16
"776" 56.1305817816557 1.04372569616045 1.15591489425952 0.16
"777" 60.5553450010955 1.37452158971058 1.11360269815513 0.16
"778" 33.8620540472724 1.79300583375046 1.59451755447408 0.16
"779" 52.8648957786931 1.04208544055051 1.18156266315926 0.16
"780" 36.6704280770526 1.15334779663799 1.00992053671383 0.16
"781" 41.4956736331009 1.09077630406792 1.77076833906424 0.16
"782" 60.470505332634 1.00834769468064 1.44859334482125 0.16
"783" 35.8586503939862 1.07447601291246 1.06089003198461 0.16
"784" 66.439517661205 1.07098464050202 1.34873416199555 0.16
"785" 49.9244435282339 1.01554808231899 1.01807561170128 0.16
"786" 47.7706651212555 1.20246683053042 1.11106131882367 0.16
"787" 43.0518778110463 1.0192065740042 1.01711500921785 0.16
"788" 47.4954871566722 1.05378953836648 1.00601211593472 0.16
"789" 61.2692772761958 1.30162426638059 1.090446455294 0.16
"790" 53.3317231088188 1.0123934969919 1.7215704830873 0.16
"791" 58.6003179234985 1.07557048641946 1.05028132026347 0.16
"792" 51.2752731966116 1.08608438403991 1.06305043054978 0.16
"793" 68.5970723561428 1.03599418583773 1.06734464438598 0.16
"794" 41.9075806800324 1.01354880841452 1.27248747978105 0.16
"795" 57.4204121250021 1.20409906470795 1.08507104840056 0.16
"796" 58.580882118037 1.02296353732483 1.0596146386314 0.16
"797" 45.9752300739146 1.03513580929115 1.01018332200993 0.16
"798" 87.4476637234934 1.30560002030439 1.36198009791855 0.16
"799" 36.0586856496186 1.00137162078749 1.02391122022361 0.16
"800" 32.002571595912 1.17316290431951 1.3550620996581 0.16
"801" 39.2037201826934 1.20676681687638 1.1110628726626 0.16
"802" 41.8353523198996 1.90521524200849 1.13722553259925 0.16
"803" 50.1102850364814 1.30591892086298 1.59941681203832 0.16
"804" 49.4285873995551 1.01220229806641 1.0462523494902 0.16
"805" 88.0223943038498 1.06029823298516 1.40702890697506 0.16
"806" 58.1666952212753 1.15739203078927 1.04400582057666 0.16
"807" 40.3024069314099 1.15473506410999 1.0828334118444 0.16
"808" 46.3816392255933 1.46339534734852 1.07726542101187 0.16
"809" 49.8964923345361 1.05542300419756 1.19065971437968 0.16
"810" 40.270949302192 2.44617341013828 1.16832794495718 0.16
"811" 33.8597421600318 1.04613374556976 1.02908426682799 0.16
"812" 44.8808329931325 1.03211013887496 1.15890007881091 0.16
"813" 51.9773175073261 1.10919259066001 1.57449465109504 0.16
"814" 38.6988559123873 1.1371041720577 1.60648903084553 0.16
"815" 55.1569778116474 1.0175698114773 1.11219762261458 0.16
"816" 38.8887165891126 1.05111313565195 1.02678193380681 0.16
"817" 59.3906702528054 1.19677340624271 1.23546901665075 0.16
"818" 88.6726221173527 2.54088903099334 2.97029398494112 0.16
"819" 47.4942759862052 1.0405973185453 1.00606119122041 0.16
"820" 51.6596214173838 1.13512343924944 1.62973495329533 0.16
"821" 40.35247633693 1.10373398158989 1.83282386276544 0.16
"822" 33.091751696886 1.06892898551868 1.013928220781 0.16
"823" 52.3060757451567 1.07797975388853 1.08173982742452 0.16
"824" 54.5221672217748 1.0187080943419 1.37775219815585 0.16
"825" 45.8087233807263 1.13099196999884 1.03806602039413 0.16
"826" 40.3863140947398 1.17043796800064 1.3759765093817 0.16
"827" 53.2977981304701 1.40281736789769 1.82135842800551 0.16
"828" 39.3728201985427 1.0064634199987 1.02617120373275 0.16
"829" 44.056456999737 1.17042325423476 1.1355437197398 0.16
"830" 49.048606404418 1.27357519872272 1.05126815918819 0.16
"831" 52.3989825751604 1.14888564864155 1.54796279188995 0.16
"832" 42.2224864011319 1.04393379405274 1.33095381483406 0.16
"833" 39.2437559947247 1.07321395263242 1.80553280525959 0.16
"834" 48.5433114880232 1.154197070072 1.23363637571965 0.16
"835" 41.6697137970513 1.00033849941715 1.04446582315015 0.16
"836" 39.8226334918126 1.01551511685561 1.1319050076967 0.16
"837" 40.2415788724165 1.01290893164817 1.15742601196965 0.16
"838" 50.9842682462973 1.80852745235217 1.14426517999462 0.16
"839" 41.6641103084294 1.07237744960169 1.00673943256775 0.16
"840" 58.5532834601952 1.44656590413663 3.35881343516886 0.16
"841" 42.0113147856081 1.27376980349889 3.40988799660349 0.16
"842" 58.3113017418276 1.02348170784199 1.01335170111322 0.16
"843" 46.0932271015893 1.4091894456291 2.10659362082979 0.16
"844" 48.6053521620522 1.10464117403013 1.47792921749061 0.16
"845" 51.3409948370761 1.00415476868533 1.29854285917331 0.16
"846" 39.4746244941654 1.2142190571383 2.28362457067251 0.16
"847" 35.0350277028472 1.24717583184172 1.22065586824044 0.16
"848" 48.7397110293377 1.0762159188286 1.05776652195797 0.16
"849" 43.0739253528047 1.13236983627297 1.29334398321582 0.16
"850" 33.6848226749134 1.31302026181557 1.05273411325436 0.16
"851" 50.9512300342577 1.03966516330766 1.55858668851951 0.16
"852" 44.730674373136 1.04732540060733 1.33408923526741 0.16
"853" 44.1433062301194 1.40961462713208 2.56406978170468 0.16
"854" 46.9542004450594 1.04271183096176 1.04772023397532 0.16
"855" 44.6308107449618 1.11850592726762 4.13617790804545 0.16
"856" 51.2796469635672 1.04578338993508 1.14690721384173 0.16
"857" 39.9684887514934 1.0699032600764 1.18221097485064 0.16
"858" 49.3330222142902 1.00316029608697 1.15025298734148 0.16
"859" 57.2592268776298 1.00836304653831 1.32384796824163 0.16
"860" 56.0182459989639 1.10898937918529 1.47070010090131 0.16
"861" 45.4448290559821 1.11308883839715 1.19442829572736 0.16
"862" 43.4770172843698 1.25215953178929 1.06983935577578 0.16
"863" 46.1100577061275 1.08125327438495 1.09296820409802 0.16
"864" 44.0474728160809 1.10253889944519 1.07555504662884 0.16
"865" 40.1970254700254 1.42059116266101 1.05005893270984 0.16
"866" 39.8206303384589 1.19820181971812 1.40927589759789 0.16
"867" 31.1541821416253 1.75396070896637 1.30712645997412 0.16
"868" 74.6798939636828 1.0044677890903 1.23290034379703 0.16
"869" 43.3031507417714 1.07465266450894 1.1829358632875 0.16
"870" 77.7086062836102 1.01663267039032 1.0968134991123 0.16
"871" 38.5294211730903 1.15855703740171 4.15399198162988 0.16
"872" 44.6146696561391 1.2625092004765 1.23638467341528 0.16
"873" 43.3048752765384 1.16531727975257 1.13960580985759 0.16
"874" 42.4726579141963 1.01614091574844 1.17662355149775 0.16
"875" 50.6205929436559 1.15844018789573 1.06993345324222 0.16
"876" 54.8275569439614 1.09166673917807 1.05370275383711 0.16
"877" 80.6787877264627 1.00748045489198 1.10924882549866 0.16
"878" 57.1929727455352 1.25263983682421 1.07355162224498 0.16
"879" 42.765782826975 1.30134617359008 1.37634325807037 0.16
"880" 40.3638860090392 1.36338995618375 1.04419725264508 0.16
"881" 33.8170468937594 1.18147028204977 1.04603022051554 0.16
"882" 44.2041347006375 1.11669504864181 1.795148487662 0.16
"883" 58.9344408532199 1.00432540144075 1.22514702345557 0.16
"884" 37.8970975376963 1.03955330641615 1.0680022294835 0.16
"885" 39.59236188939 1.10107777375443 1.04325367838685 0.16
"886" 99.2995658215658 1.24908241617856 1.02164459135226 0.16
"887" 52.9369996275426 1.05405471487739 1.10213998141893 0.16
"888" 30.7611068213244 1.27578131860411 1.1007558572794 0.16
"889" 66.3025723590138 1.49360862628609 1.39236593794955 0.16
"890" 52.2199937724083 1.068935328416 1.02076563855928 0.16
"891" 43.4088626454149 1.0449004801768 1.43806895808652 0.16
"892" 42.0561720222886 1.19151835076447 1.3969362778269 0.16
"893" 55.0125224032854 1.01527563925094 1.07345181801728 0.16
"894" 44.685008578267 1.21502942693261 1.30231262718572 0.16
"895" 45.799661944965 1.01865742377882 1.28696796639754 0.16
"896" 49.5095770965176 1.05756792585917 1.63267359291339 0.16
"897" 37.381268056407 1.10011538743271 1.0074944373281 0.16
"898" 48.3885470802905 1.41079257537238 1.03792931700143 0.16
"899" 77.0615504863255 1.08934141184583 1.01967008670681 0.16
"900" 35.6722186677481 1.00186324945049 1.44198188401135 0.16
"901" 65.3722932841742 1.15940883785464 1.14282334250752 0.16
"902" 45.9353708487021 1.00934105962328 1.26675391595243 0.16
"903" 50.0485787892523 1.01046917083711 1.02048236447769 0.16
"904" 38.7262658145671 1.15255740120478 1.00717930079105 0.16
"905" 41.7445251316718 1.10506349136234 1.86778912809321 0.16
"906" 54.8168186566201 1.47078130366213 1.02793318890577 0.16
"907" 48.4172795909634 1.12245634370304 1.46209482950882 0.16
"908" 46.0140133489878 1.26198217554614 1.18749356531066 0.16
"909" 52.2826143086102 1.32488474432557 1.31742847216187 0.16
"910" 45.1236653650336 1.05314522482708 1.03217557818159 0.16
"911" 59.9021207205678 1.34894501601693 1.47273321810758 0.16
"912" 46.2073244787554 1.1225493389356 1.02407096421327 0.16
"913" 44.8805730461286 1.13929544396135 1.21469724494005 0.16
"914" 43.3653579942484 1.29493961220584 1.0400979648005 0.16
"915" 47.3677101451286 1.09159899828431 1.51901781355649 0.16
"916" 39.0886701146382 1.18253581863213 1.04007047002162 0.16
"917" 34.8494506156648 1.05841485968721 1.01352868735288 0.16
"918" 46.4181611266623 1.06756710970605 1.18233318602826 0.16
"919" 56.8392889583461 1.21175074146793 1.00695653189382 0.16
"920" 54.0377270399257 1.35666805403704 1.09076969377824 0.16
"921" 29.8297037235597 1.00007066450032 1.04162009089867 0.16
"922" 53.7622500560244 1.12068097134437 1.22773359767738 0.16
"923" 46.8368552292358 1.1163061578815 1.05250116845369 0.16
"924" 53.6625680790971 1.12960768148388 1.21871015314486 0.16
"925" 42.5613178123087 1.31722361884821 1.06259135029178 0.16
"926" 59.2443205441669 1.06017924631615 1.19490351044038 0.16
"927" 52.2595107262622 1.29729277578968 1.19594365895999 0.16
"928" 49.7228712625857 1.17170198202095 1.2379904495961 0.16
"929" 40.6933417059731 1.09039273394513 1.2691507895382 0.16
"930" 60.7452885160271 1.38144941799238 1.04996434335741 0.16
"931" 34.917549506896 1.19862684611602 1.11046968623049 0.16
"932" 47.918632211014 1.0002302345059 1.10896319024084 0.16
"933" 63.8875049921291 1.00855874271253 1.83737631891338 0.16
"934" 45.5821874192957 1.15179246651798 1.18559874316852 0.16
"935" 40.1048046234605 1.15740221220301 1.02973100476334 0.16
"936" 52.0359868296443 1.00709461585672 1.22712946810184 0.16
"937" 44.149069627975 1.01265156282285 1.26680200794984 0.16
"938" 43.022876016012 1.12338419564967 1.09770111893676 0.16
"939" 42.6133284709509 1.12892445624772 1.24781488581596 0.16
"940" 46.349805932733 1.45516041252226 2.82004729878358 0.16
"941" 44.312470780724 1.28408461577221 1.41268667490623 0.16
"942" 36.2906070747479 1.36782713028985 1.70575123108275 0.16
"943" 54.8805503979439 1.02178994500323 1.34895689037864 0.16
"944" 57.7058761789133 1.15717777558014 1.08381141530434 0.16
"945" 48.642309166366 1.14887468988586 2.57816130896543 0.16
"946" 49.546134477547 1.06351886747112 4.42735007894344 0.16
"947" 49.7263335332401 1.18747941114332 1.07055273651483 0.16
"948" 58.2993750139923 1.04862639994237 1.0096306251696 0.16
"949" 63.0576515591943 1.03057926026142 1.35702990575095 0.16
"950" 48.2637538385706 1.13082134302389 1.29142504765274 0.16
"951" 51.2356992525854 1.21402144402155 1.14011103032556 0.16
"952" 51.6039634172282 1.47469906495651 1.15222731931475 0.16
"953" 49.1124705067821 1.07996854318942 1.14540615716571 0.16
"954" 48.2515210055837 1.00862826339181 1.01256493503465 0.16
"955" 30.6468116397562 1.04964967316261 2.77474901735845 0.16
"956" 58.859509915077 1.03108833199114 1.37125195350384 0.16
"957" 41.574356396701 1.21660964450995 1.04937362543689 0.16
"958" 45.9241468559927 1.04235794818 1.00494834143837 0.16
"959" 41.4572858500672 1.44923932844767 1.03838148711071 0.16
"960" 54.3239171862684 1.31459251115046 1.06945110448946 0.16
"961" 37.3865156323443 1.00306902108372 1.05033677225336 0.16
"962" 30.9614299038479 1.24890779024033 2.38480692444883 0.16
"963" 45.2832384231024 1.11310011684111 1.29250152036494 0.16
"964" 41.8546164431497 1.0687673018326 1.32871945274327 0.16
"965" 51.3890864467719 1.02152153477509 1.06854317917184 0.16
"966" 60.3619752599963 1.04865267038865 1.07501038264656 0.16
"967" 54.7631298414491 1.11584614275491 1.21417829948406 0.16
"968" 34.715113047358 1.17618159164992 1.38531724183588 0.16
"969" 51.7717055402354 1.04433165466381 1.17462669768321 0.16
"970" 49.8484827158485 1.23616450201263 1.08647104496636 0.16
"971" 40.2446068439817 1.03828333407622 1.49111850036936 0.16
"972" 68.9033660127397 1.11455781912102 1.0587318355947 0.16
"973" 44.1510736652701 1.01108393211206 1.21747597345519 0.16
"974" 71.7776740036365 1.11874010387136 1.37615709900468 0.16
"975" 52.100739952467 1.12266026312384 1.01805664649946 0.16
"976" 42.4207755542677 1.24817392138396 1.1203383606114 0.16
"977" 58.2588321495005 1.02680361959677 1.33020553005035 0.16
"978" 35.0883241672173 1.01228175442027 2.95330867413532 0.16
"979" 37.9818940387431 1.0241750986891 1.28624187798948 0.16
"980" 37.1594889872402 1.10222051591537 1.08360441820373 0.16
"981" 43.531307088041 1.35203527367709 1.10527438960565 0.16
"982" 74.8986032866577 1.03098000000249 1.01451408809745 0.16
"983" 47.7992953321356 1.03015580710331 1.62143472407768 0.16
"984" 42.4041987145245 1.21647420643424 1.23535645315376 0.16
"985" 64.5988674896743 1.09982574608061 1.14745202715634 0.16
"986" 78.4380618329095 1.62141968559 1.31999522590073 0.16
"987" 33.4268261150577 1.09275388505587 2.54206948766378 0.16
"988" 34.6759319083542 1.19991896915098 1.04285649225253 0.16
"989" 42.4674768875208 1.0184660794359 1.05863530832017 0.16
"990" 34.9002720007083 1.0733604466511 1.28371621987794 0.16
"991" 37.6952058802219 1.1712500187647 1.03693198282733 0.16
"992" 41.4971964789567 1.05114935705216 1.02227096062876 0.16
"993" 48.7911960305344 1.13058577030751 1.12300521168477 0.16
"994" 52.3585176223989 1.0131992937317 1.01033549979433 0.16
"995" 82.9072944394264 1.0273770328233 1.18020525811284 0.16
"996" 47.9887140234706 1.02494071980865 1.12777010248911 0.16
"997" 39.8887750752747 1.05474644604991 1.04391897275736 0.16
"998" 49.6287572057865 1.07339702464811 2.49603689945464 0.16
"999" 48.2369724599379 1.10619223868984 1.27264543115962 0.16
"1000" 62.228427350613 1.00769575541903 1.81342429065103 0.16
